-4.314953381880950456e-01 -8.493664760028212246e-01 3.244642182693291410e-02
-1.513222536323017842e-01 -2.195759091567535126e-01 9.080716815318659041e-01
8.676952619165669844e-01 -2.364622163373155672e-01 -3.019403183747546571e-01
3.039298373064218683e-01 6.788731366291314018e-01 6.388493694375665388e-01
3.340052083181779263e-01 -9.247690473552641066e-01 -1.048173468135946695e-01
-5.166383678433885684e-01 -7.514946309004457703e-01 -3.226371772438425545e-01
-2.613563519504373822e-01 7.247484889671897967e-01 -6.151629160947267305e-01
-5.908769469256456297e-01 4.878234458857806377e-01 -6.103181598481759451e-01
6.475778175972746187e-01 -1.923748122773432101e-01 -7.253054545016583976e-01
6.625250575543129017e-01 4.458879553051608990e-01 5.950504917567749352e-01
6.912257844764260195e-01 6.423526187038757218e-01 -3.072690687584400671e-01
-8.606163888707552001e-01 -1.045071988475365643e-01 4.298287307343182650e-01
-9.673021748921484253e-02 4.465061364616471629e-01 8.319616597152972304e-01
5.361200646892778643e-01 7.754192934292978290e-01 6.349052615301631342e-02
-2.109185743464716545e-01 -4.308648665121759258e-01 8.654539360558000105e-01
-4.682725216074572483e-01 7.979099705319483427e-01 -3.720424544863210059e-01
-6.556836595824024894e-01 6.164285455189120189e-01 3.781351819412495097e-01
-4.306964592756146182e-02 -9.666935727738934503e-02 -9.533426821221198111e-01
-3.186602308127839400e-02 9.726771033863494953e-01 -1.718110030578177128e-01
1.915557200705817475e-01 -9.159173337811146176e-01 1.130675439308805874e-01
-3.158429283103345586e-01 -8.894489569073733559e-01 -1.306074142280069239e-01
9.603731767975118849e-01 -1.980757747721322293e-01 1.887052573791774268e-01
-1.716582706858857943e-01 9.701929274988698726e-01 4.642961481748297814e-02
7.368703407279315609e-01 -1.446288243365689841e-01 -6.311560379753062833e-01
3.095066430286574910e-01 2.423609287669989953e-01 9.032067291054943770e-01
-4.975364563453437139e-01 -5.567413808004628706e-03 8.639742396777800870e-01
-8.693998849130291084e-02 6.856751758479218140e-01 -6.804120734570604512e-01
-5.378898827959179840e-01 7.106644517180504828e-01 3.259901008706924674e-01
-8.393044134058809114e-01 4.298437816754727692e-01 1.930461636433307149e-01
-8.533174270989181132e-01 -8.012956575156682248e-02 -4.882415380764533186e-01
2.676601529523869871e-01 -8.773864986053339088e-01 3.583263533285581115e-01
3.738767100246629393e-01 6.708402741211889619e-01 5.682263432648775314e-01
-5.495009059996291967e-02 -1.843507068870737786e-01 9.563628065858631455e-01
6.459084355252622256e-01 2.168706359793530769e-01 -7.226887106694614982e-01
-6.392585351433317520e-01 1.697004339565304498e-01 -7.121047784986520579e-01
3.738509123779942822e-01 -6.894594951801924498e-01 -5.761584140164128787e-01
2.371197138471397015e-01 2.949373830633201798e-01 -9.025066710784124258e-01
-8.120905216004283833e-01 5.253554509368929537e-02 -5.396105445605026141e-01
9.265222358049516327e-01 -7.409044196976299901e-03 -3.582301638964309198e-01
-6.885752294473239665e-01 6.876436271935415512e-02 -7.152132867335712074e-01
-3.046717932326963307e-01 -9.226186869551584735e-01 1.312570015356346875e-01
3.012804469336749502e-01 6.780629979429442233e-01 5.858089929580361233e-01
5.626071456691628114e-02 -3.464811192716910071e-02 9.542478168315029485e-01
-5.186393347345186200e-01 5.362372436328119996e-01 -5.921948857646903708e-01
-1.803761956733325178e-01 5.455119256370981606e-01 7.921155605272554023e-01
-7.640428329823942821e-01 6.257877646134810679e-01 -1.414464358394262877e-01
-5.544099623899045870e-01 6.831555467888463795e-01 -3.865013486821775590e-01
3.908948504418874315e-01 9.080891488235887099e-01 -6.027224175959200458e-02
-6.018653320612277202e-01 -6.070196923694632929e-01 -5.101245514124939096e-01
8.026800446771023001e-01 1.906161913769426342e-01 4.783366459557980566e-01
3.877287233729327376e-01 -2.558927752174977588e-01 -8.645297240125651150e-01
4.502428526223702931e-01 -5.538164693072029632e-01 -6.452387131962609157e-01
6.007466748327643380e-01 -7.459931481173101009e-01 2.787897593547667974e-01
5.565657938355463852e-01 7.141130900369996315e-01 -3.823260108552861691e-01
3.884879559474689881e-01 8.537767152790585179e-01 1.739557650736867078e-01
-8.775450921391667602e-01 9.554393049362497337e-02 4.630163680930310388e-01
8.016584109528659408e-01 3.563145097343345391e-01 3.861918951217799822e-01
7.375469182252329947e-01 8.034280905854451760e-02 6.520135045513781868e-01
4.040350526464189240e-01 -2.094403415795087486e-01 8.446756603793745821e-01
8.202242609075323099e-01 -4.992292167042045037e-01 -2.322129184614403208e-01
-3.170285622543953519e-01 9.117773003169660218e-01 4.006669850607691430e-02
-3.312633040587014133e-01 -8.953317770393975916e-01 -2.860401891966994903e-01
1.175776435872568637e-01 6.170591232644939694e-02 -9.888572379630617970e-01
9.356199599042411830e-01 -2.337867999001457253e-01 -2.050135796090140072e-01
3.270113862476486943e-01 8.044289648964104700e-01 -4.662818276841125265e-01
-6.787262098069879457e-01 6.694419741246937505e-02 6.701614074274886423e-01
6.288703264739552434e-01 6.909882593093117364e-01 -2.478916802001360775e-01
8.172912509327545649e-01 -4.555763107310650817e-01 1.600927339392572701e-01
-9.294062868221975027e-01 -1.811830069625517403e-01 2.113779676858791312e-01
-8.682348494653013837e-01 4.345040459833828805e-01 -2.401024808022089729e-02
-2.619330999838729301e-01 7.674777885979606751e-01 5.158440669838182391e-01
-6.384359897918947535e-01 4.167169449354519717e-01 -5.792466224812473641e-01
-8.481338390296642160e-01 -4.301687569045165027e-01 8.559271501499265966e-02
8.463617552652793474e-01 -2.333961978593339648e-01 3.996341892603176849e-01
6.507305942775478691e-01 -4.601629301320204757e-01 -6.022408122256295293e-01
4.730605387043589349e-01 -8.687425964604638118e-01 9.317188030823286837e-02
8.600655345592644885e-02 7.544363909549536285e-01 -5.690385970597426901e-01
-6.730189110822091259e-01 2.694698958823515955e-01 6.794481594120536094e-01
8.583168499719873168e-01 -4.122597062170199056e-01 3.473904090004897860e-02
7.687548878894281401e-01 4.475905663431549719e-01 4.445249069245631457e-01
5.899295268969622086e-01 -6.199827207373131976e-01 4.323927659318487216e-01
-4.634861375995187327e-01 -5.250684558227083354e-01 -6.773901270889899351e-01
1.093510367353722756e-04 -9.588601357095118960e-01 -7.199889131167558354e-02
7.862932935958137914e-01 -5.509768133711290261e-01 1.675825487670978831e-01
3.146570339435148522e-01 -8.762258985543069922e-01 -2.470475988139866352e-01
-1.620040775270235045e-01 -9.383496836228177873e-01 2.225777298339439714e-01
4.309366131979885939e-01 8.340804165776047885e-01 2.380141646730640215e-01
6.032082155519373767e-01 -7.368087184886380481e-01 -6.571268603714397472e-02
-7.686055224027714683e-01 5.708279493515873160e-01 -2.263974995409536728e-01
7.928214930899715185e-01 5.065173718546707171e-01 -2.157369926166570195e-01
-7.095216432211315372e-01 -5.281667812497647940e-01 -3.720430160460701519e-01
-6.232223843428874588e-02 -5.368081832205646720e-01 -8.293252834994480072e-01
